000005
000007
000020
000024
000033
000034
000035
000039
000041
000042
000044
000046
000052
000061
000066
000073
000081
000083
000091
000093
000099
000101
000102
000104
000110
000112
000113
000118
000120
000121
000123
000125
000130
000131
000142
000147
000154
000158
000162
000164
000165
000169
000170
000177
000187
000189
000190
000192
000193
000200
000209
000215
000218
000220
000222
000225
000229
000232
000241
000242
000245
000246
000250
000256
000257
000263
000275
000276
000278
000289
000298
000303
000304
000306
000318
000321
000322
000323
000325
000332
000334
000343
000344
000349
000354
000355
000359
000363
000372
000379
000382
000394
000400
000403
000406
000408
000416
000420
000424
000428
000438
000443
000446
000462
000469
000474
000476
000477
000480
000484
000489
000491
000494
000499
000500
000503
000509
000513
000516
000518
000522
000523
000524
000525
000528
000530
000531
000535
000537
000541
000549
000550
000577
000581
000582
000583
000590
000598
000609
000612
000613
000622
000628
000632
000633
000637
000645
000653
000661
000663
000667
000675
000676
000677
000686
000694
000695
000699
000702
000707
000710
000711
000712
000713
000714
000728
000730
000731
000733
000738
000739
000742
000746
000752
000753
000754
000755
000756
000764
000770
000772
000774
000782
000786
000791
000793
000796
000797
000799
000800
000804
000805
000806
000808
000810
000814
000818
000823
000829
000830
000832
000834
000842
000843
000854
000855
000859
000860
000862
000863
000865
000867
000868
000871
000876
000878
000879
000888
000895
000898
000899
000900
000902
000903
000904
000908
000915
000918
000919
000920
000923
000926
000943
000949
000951
000954
000958
000965
000972
000973
000982
000996
000999
001004
001009
001010
001011
001012
001014
001018
001024
001027
001042
001053
001060
001061
001064
001068
001072
001073
001078
001082
001083
001092
001093
001102
001107
001110
001112
001119
001125
001130
001140
001142
001145
001147
001151
001156
001160
001161
001164
001171
001175
001191
001200
001201
001209
001211
001214
001215
001221
001226
001229
001237
001241
001247
001250
001254
001263
001277
001281
001284
001286
001287
001288
001289
001292
001298
001304
001309
001310
001311
001312
001314
001324
001330
001333
001337
001341
001343
001345
001348
001352
001360
001361
001362
001365
001371
001384
001387
001397
001402
001409
001414
001420
001421
001426
001430
001436
001441
001442
001443
001444
001445
001450
001451
001453
001463
001465
001466
001467
001472
001481
001486
001488
001493
001497
001501
001512
001514
001515
001521
001523
001524
001526
001531
001539
001543
001544
001554
001556
001557
001565
001577
001579
001586
001598
001604
001608
001611
001612
001627
001632
001633
001636
001640
001643
001647
001654
001661
001673
001676
001677
001678
001680
001685
001689
001690
001708
001711
001713
001714
001717
001723
001724
001725
001726
001727
001746
001750
001752
001755
001756
001759
001765
001766
001771
001772
001775
001777
001782
001787
001789
001797
001800
001801
001806
001809
001810
001816
001825
001836
001837
001842
001862
001870
001875
001878
001887
001896
001903
001904
001911
001915
001918
001920
001930
001933
001934
001937
001940
001944
001952
001962
001963
001970
001971
001977
001978
001980
001981
001989
001999
002000
002002
002006
002012
002020
002021
002022
002023
002024
002036
002037
002039
002043
002045
002051
002054
002055
002056
002058
002061
002064
002068
002069
002088
002094
002098
002099
002101
002102
002109
002112
002114
002124
002125
002126
002136
002153
002155
002156
002166
002169
002176
002178
002180
002181
002184
002187
002191
002192
002193
002194
002196
002197
002199
002209
002214
002221
002226
002228
002233
002234
002237
002251
002256
002257
002259
002265
002266
002268
002270
002273
002276
002277
002278
002285
002290
002291
002293
002305
002315
002323
002329
002332
002334
002335
002340
002343
002345
002355
002361
002367
002369
002371
002372
002374
002377
002385
002391
002392
002393
002403
002404
002405
002407
002411
002413
002420
002427
002435
002436
002437
002439
002441
002442
002444
002445
002450
002454
002458
002462
002466
002468
002471
002472
002477
002478
002479
002481
002483
002494
002500
002501
002504
002513
002519
002520
002523
002524
002534
002537
002539
002542
002545
002546
002549
002554
002558
002559
002565
002566
002572
002578
002586
002589
002598
002599
002611
002618
002621
002632
002633
002634
002635
002636
002641
002646
002648
002649
002658
002664
002666
002675
002680
002682
002691
002695
002696
002704
002710
002713
002715
002717
002722
002730
002732
002734
002737
002738
002747
002757
002760
002762
002763
002765
002774
002778
002784
002786
002791
002794
002798
002804
002807
002810
002812
002815
002816
002817
002826
002827
002835
002836
002838
002841
002844
002845
002847
002854
002855
002858
002859
002866
002867
002868
002869
002873
002875
002879
002884
002891
002893
002896
002901
002906
002913
002915
002916
002931
002932
002933
002937
002940
002941
002944
002952
002953
002960
002962
002963
002966
002967
002969
002975
002976
002977
002987
002989
002990
002992
002994
003002
003003
003004
003005
003007
003009
003013
003021
003023
003027
003028
003031
003032
003034
003038
003039
003042
003053
003054
003056
003058
003061
003064
003065
003074
003082
003083
003089
003092
003094
003100
003102
003103
003105
003108
003112
003118
003122
003124
003127
003133
003134
003135
003137
003140
003142
003146
003147
003155
003157
003162
003163
003164
003165
003169
003170
003175
003176
003178
003183
003185
003189
003202
003204
003205
003207
003211
003213
003218
003223
003229
003236
003242
003243
003247
003250
003254
003261
003271
003273
003279
003292
003293
003294
003296
003300
003307
003311
003316
003320
003325
003327
003330
003336
003337
003349
003351
003355
003356
003359
003362
003363
003365
003367
003373
003377
003379
003382
003390
003395
003398
003401
003406
003407
003413
003415
003416
003417
003419
003421
003425
003429
003430
003439
003443
003449
003450
003452
003453
003455
003461
003464
003469
003470
003489
003491
003492
003506
003508
003510
003511
003516
003519
003524
003529
003537
003546
003549
003550
003555
003556
003564
003567
003576
003577
003585
003586
003587
003588
003593
003599
003605
003614
003620
003628
003632
003634
003635
003636
003640
003642
003655
003657
003660
003663
003669
003673
003674
003679
003685
003688
003696
003698
003703
003704
003705
003706
003709
003711
003717
003729
003740
003743
003748
003751
003754
003772
003774
003779
003783
003786
003788
003791
003796
003797
003798
003803
003809
003811
003814
003821
003826
003835
003844
003848
003856
003859
003860
003861
003863
003865
003866
003868
003871
003874
003879
003885
003890
003898
003899
003905
003907
003911
003912
003918
003926
003932
003937
003939
003941
003948
003953
003954
003956
003963
003966
003969
003973
003974
003984
003988
003992
003993
003997
003998
004003
004008
004009
004010
004013
004017
004019
004020
004028
004031
004034
004035
004037
004047
004057
004060
004066
004067
004069
004073
004076
004082
004091
004092
004093
004102
004105
004108
004110
004120
004121
004129
004131
004133
004140
004142
004143
004145
004148
004152
004158
004164
004168
004170
004174
004185
004189
004192
004193
004196
004200
004203
004205
004212
004215
004220
004221
004223
004230
004231
004237
004239
004246
004255
004256
004257
004264
004265
004271
004273
004274
004279
004280
004281
004283
004286
004291
004296
004300
004303
004304
004318
004321
004323
004325
004338
004339
004345
004349
004351
004352
004359
004361
004364
004370
004384
004387
004390
004397
004411
004421
004430
004433
004434
004436
004437
004438
004439
004441
004457
004459
004464
004468
004471
004481
004484
004488
004493
004494
004498
004499
004509
004510
004514
004517
004520
004526
004527
004528
004535
004544
004548
004551
004552
004555
004558
004566
004570
004574
004579
004584
004585
004600
004605
004607
004611
004618
004630
004632
004643
004647
004649
004651
004652
004653
004654
004656
004673
004674
004676
004679
004682
004683
004685
004691
004693
004694
004701
004702
004710
004722
004732
004737
004742
004746
004760
004770
004777
004779
004783
004786
004788
004790
004793
004797
004799
004801
004816
004818
004823
004826
004828
004830
004839
004841
004842
004856
004866
004868
004869
004873
004876
004878
004896
004902
004905
004907
004910
004913
004926
004928
004936
004938
004943
004948
004950
004956
004960
004962
004963
004967
004968
004972
004974
004976
004977
004983
004986
004990
004991
004992
004997
004998
005001
005004
005007
005014
005016
005018
005020
005023
005024
005033
005036
005037
005042
005047
005052
005054
005055
005056
005057
005062
005064
005065
005073
005077
005084
005086
005093
005094
005097
005101
005104
005108
005110
005111
005129
005131
005136
005143
005144
005145
005153
005156
005159
005161
005171
005173
005176
005181
005183
005185
005190
005195
005202
005203
005208
005214
005217
005219
005220
005223
005229
005230
005236
005239
005242
005245
005248
005253
005254
005260
005262
005263
005264
005267
005268
005269
005273
005274
005281
005283
005290
005303
005304
005305
005307
005310
005311
005312
005314
005315
005319
005325
005326
005327
005328
005331
005336
005337
005338
005340
005343
005345
005346
005348
005351
005352
005363
005374
005378
005379
005380
005383
005384
005389
005395
005396
005404
005405
005406
005407
005410
005413
005417
005419
005436
005439
005440
005445
005450
005453
005455
005457
005465
005467
005469
005470
005478
005481
005485
005486
005487
005489
005497
005499
005511
005515
005524
005526
005530
005531
005536
005539
005542
005544
005549
005550
005554
005563
005566
005576
005577
005582
005585
005586
005590
005591
005603
005605
005606
005609
005613
005614
005615
005620
005624
005630
005631
005637
005640
005644
005647
005652
005654
005655
005657
005660
005664
005680
005686
005687
005693
005696
005697
005702
005704
005705
005710
005714
005718
005719
005731
005732
005735
005738
005740
005742
005752
005755
005756
005760
005761
005764
005773
005779
005781
005783
005784
005786
005788
005789
005790
005796
005803
005805
005806
005811
005812
005813
005815
005818
005819
005825
005829
005830
005831
005836
005841
005843
005852
005854
005856
005859
005860
005861
005863
005864
005875
005879
005881
005884
005885
005893
005899
005901
005903
005909
005911
005912
005914
005919
005920
005948
005951
005952
005961
005964
005968
005971
005980
005984
005991
005992
005995
005996
006000
006001
006004
006005
006009
006011
006018
006020
006023
006026
006027
006029
006033
006035
006038
006041
006042
006043
006046
006058
006061
006065
006066
006073
006079
006096
006098
006107
006120
006123
006125
006128
006136
006139
006146
006153
006161
006166
006171
006175
006176
006177
006179
006181
006183
006185
006187
006188
006189
006196
006198
006203
006208
006210
006214
006216
006219
006220
006221
006224
006225
006230
006233
006235
006236
006238
006243
006249
006250
006251
006252
006254
006258
006261
006262
006269
006272
006276
006279
006281
006282
006285
006286
006289
006300
006304
006309
006319
006320
006321
006323
006330
006335
006337
006338
006341
006344
006346
006349
006350
006355
006357
006362
006366
006374
006375
006381
006385
006396
006398
006400
006411
006418
006424
006430
006437
006438
006440
006442
006444
006445
006450
006455
006456
006458
006459
006463
006465
006470
006472
006475
006476
006482
006484
006486
006488
006497
006501
006519
006530
006532
006534
006536
006542
006547
006556
006565
006569
006570
006575
006584
006587
006595
006597
006599
006609
006610
006611
006617
006618
006619
006621
006622
006625
006628
006632
006635
006652
006654
006658
006660
006661
006664
006667
006670
006673
006674
006678
006679
006681
006684
006689
006690
006696
006697
006702
006703
006704
006707
006709
006722
006726
006731
006734
006736
006739
006740
006748
006753
006760
006761
006762
006765
006789
006797
006800
006805
006806
006808
006810
006813
006819
006821
006822
006825
006835
006836
006841
006842
006845
006849
006850
006852
006858
006859
006862
006865
006866
006868
006876
006878
006880
006884
006887
006892
006899
006903
006909
006912
006916
006917
006924
006930
006935
006940
006944
006945
006948
006950
006953
006963
006965
006968
006971
006976
006987
006988
006989
006994
006995
007003
007006
007007
007009
007011
007020
007021
007022
007025
007031
007033
007036
007038
007039
007040
007042
007045
007046
007054
007058
007062
007064
007065
007072
007078
007079
007080
007084
007086
007090
007092
007095
007097
007100
007105
007108
007109
007113
007117
007121
007122
007129
007130
007132
007133
007139
007140
007144
007147
007148
007149
007150
007154
007159
007162
007168
007177
007182
007184
007185
007187
007189
007191
007197
007200
007208
007211
007212
007214
007215
007216
007217
007219
007222
007224
007227
007236
007241
007244
007247
007256
007260
007261
007263
007266
007271
007274
007283
007284
007289
007292
007294
007311
007318
007322
007327
007329
007330
007336
007343
007344
007350
007356
007359
007361
007363
007370
007389
007390
007398
007410
007411
007414
007417
007419
007425
007427
007432
007435
007437
007445
007457
007461
007467
007468
007470
007474
007481
007482
007486
007490
007493
007503
007506
007517
007519
007521
007524
007525
007527
007528
007530
007533
007536
007544
007547
007555
007563
007565
007566
007568
007570
007572
007575
007576
007578
007586
007592
007594
007600
007603
007614
007615
007618
007619
007621
007622
007624
007629
007631
007633
007637
007639
007642
007647
007649
007650
007655
007667
007671
007672
007673
007679
007680
007683
007688
007694
007696
007704
007705
007712
007720
007721
007723
007724
007743
007746
007748
007751
007754
007758
007760
007762
007765
007768
007775
007776
007790
007799
007803
007810
007812
007813
007814
007815
007820
007821
007831
007833
007834
007836
007841
007847
007854
007855
007856
007859
007864
007865
007868
007869
007872
007876
007877
007878
007890
007899
007900
007901
007905
007908
007909
007911
007914
007916
007920
007921
007923
007925
007926
007928
007933
007935
007940
007943
007947
007953
007954
007958
007959
007963
007964
007968
007970
007971
007976
007980
007991
007996
007997
007999
008001
008009
008012
008023
008024
008029
008031
008032
008036
008037
008040
008042
008044
008051
008061
008062
008063
008076
008084
008086
008087
008095
008096
008098
008105
008106
008112
008116
008121
008127
008130
008137
008141
008144
008150
008159
008160
008163
008164
008168
008169
008173
008174
008177
008180
008189
008191
008203
008211
008218
008220
008224
008225
008226
008229
008232
008235
008241
008248
008250
008251
008260
008263
008269
008272
008281
008284
008285
008293
008297
008299
008307
008311
008312
008313
008316
008318
008320
008335
008336
008338
008341
008345
008346
008349
008359
008364
008365
008372
008374
008381
008384
008385
008388
008398
008403
008416
008423
008424
008430
008433
008437
008438
008442
008450
008452
008453
008456
008462
008465
008466
008467
008468
008470
008472
008477
008478
008483
008484
008495
008502
008512
008513
008514
008518
008519
008526
008533
008535
008536
008541
008542
008553
008556
008562
008573
008576
008581
008582
008586
008587
008588
008592
008596
008601
008607
008608
008617
008618
008621
008628
008635
008636
008647
008654
008663
008680
008683
008688
008690
008691
008699
008701
008706
008710
008716
008725
008727
008738
008742
008744
008750
008752
008753
008755
008756
008757
008764
008768
008769
008770
008772
008776
008783
008790
008793
008799
008801
008805
008811
008813
008815
008817
008822
008823
008826
008831
008833
008840
008847
008848
008849
008856
008859
008862
008867
008880
008883
008885
008886
008888
008890
008891
008909
008913
008914
008917
008921
008923
008926
008927
008931
008939
008940
008942
008943
008944
008951
008953
008955
008961
008965
008966
008967
008968
008970
008971
008973
008975
008978
008979
008980
008983
008985
008988
008989
008995
008997
008999
009000
009002
009004
009006
009019
009020
009029
009034
009035
009036
009039
009042
009045
009048
009053
009058
009059
009064
009068
009072
009078
009079
009080
009085
009086
009087
009094
009098
009099
009108
009112
009114
009117
009121
009123
009126
009131
009133
009136
009138
009155
009157
009161
009174
009179
009180
009186
009187
009194
009196
009212
009213
009214
009215
009218
009238
009245
009246
009249
009251
009252
009254
009269
009270
009271
009278
009279
009281
009285
009287
009289
009290
009295
009299
009306
009308
009312
009316
009318
009323
009324
009325
009327
009331
009333
009337
009342
009343
009347
009349
009351
009354
009358
009371
009374
009375
009386
009394
009401
009405
009406
009407
009409
009411
009412
009413
009417
009419
009420
009421
009429
009437
009438
009439
009443
009446
009448
009455
009456
009458
009460
009461
009464
009470
009476
009477
009480
009481
009484
009490
009494
009496
009499
009502
009508
009518
009519
009523
009526
009528
009533
009537
009541
009542
009549
009550
009557
009562
009567
009579
009586
009591
009597
009598
009605
009611
009613
009617
009618
009619
009627
009629
009634
009638
009650
009654
009655
009656
009658
009666
009668
009670
009678
009681
009684
009685
009687
009698
009699
009702
009711
009712
009717
009718
009721
009726
009733
009734
009737
009743
009746
009747
009756
009758
009761
009762
009763
009764
009780
009789
009794
009796
009800
009805
009810
009813
009816
009819
009823
009825
009830
009831
009832
009848
009851
009852
009855
009863
009865
009867
009870
009872
009880
009887
009898
009900
009902
009908
009911
009913
009917
009920
009926
009939
009940
009945
009947
009949
009950
009955
009959